103.963
124.068
141.594
149.621
166.392
167.546
170.879
175.979
182.68
185.81
190.282
191.634
206.21
209.878
211.035
212.494
232.301
266.261
277.159
281.914
305.68
313.829
314.261
327.668
338.39
339.636
347.274
347.923
350.571
361.92
399.639
417.961
418.173
421.07
430.016
440.475
476.334
497.23
509.517
515.102
532.109
553.897
559.026
578.24
582.404
602.406
605.725
607.851
623.985
628.29
632.253
657.597
665.447
669.41
698.645
710.423
745.631
750.783
755.689
782.68
782.842
787.898
803.204
805.031
816.827
833.409
834.091
836.494
841.82
853.648
855.775
870.749
892.72
908.619
909.096
924.373
945.078
965.71
975.47
986.945
